    723232
    253233
   1373671
    125642
   1209248
     13626
    134148
   1953758
    690018
   1524160
    875878
   1667265
    861237
    486641
   1107380
    721931
   1589617
    221664
    222122
   1183667
   1664913
    814070
    963577
   1863694
   1082722
   1459828
    769613
    785093
   1503908
    220324
   1795117
    743491
    473556
   1685139
   1385484
    199155
   1698764
     35984
    669265
    905133
   1560143
     61494
    572398
    937731
    548134
   1679777
   1659662
    654102
   1901440
   1881783
    354120
   1566352
   1212204
   1317696
   1946397
    294925
   1293876
   1232361
   1596370
   1314135
   1969036
   1907838
     57626
    958944
   1592976
   1443109
   1674450
   1291739
   1479092
    343714
    196871
   1555586
    921559
   1285620
    493317
   1986044
    965396
    152978
    640146
   1383187
    551112
    994265
   1465890
   1763316
    828313
   1412286
    574592
    122188
   1160999
    170961
   1436322
   1130034
     78798
     10299
     88977
    188125
   1453408
   1763427
   1996215
   1448851
    623492
    709438
   1004437
     61403
   1995057
   1497753
     47446
    960453
    167082
    687591
    343639
    718193
    198208
   1809529
    481508
   1026520
   1738166
   1572452
   1665059
    899164
   1743412
   1101380
    545550
    338562
   1111679
   1150878
    526686
   1081438
   1430656
    522901
    530288
     54148
   1232338
     51076
    631902
   1743746
   1548828
    679347
    704198
    232261
   1366938
   1564189
    950454
     81497
   1890069
   1948313
   1108016
   1628234
   1520764
    773074
   1043750
   1780528
    390805
   1589299
    635441
     18835
    740176
   1678478
   1616624
    170832
    717730
    663264
    741331
   1950067
    714339
   1373232
   1693813
    779519
     52578
    914362
   1011779
   1935867
    478550
    478584
     17363
    368618
    943249
   1641730
    513204
    464012
    414803
   1556953
    760891
   1321960
   1662603
   1396331
   1857146
    402778
   1591161
   1473770
   1089961
    308890
    137033
   1831291
    775309
    851371
   1720874
    985473
   1630889
    289804
   1899834
   1159020
    225670
    894736
   1637603
    759385
   1779705
    580851
    401114
    292908
   1561215
   1332269
    366212
    838457
   1170580
     28814
    234788
   1027725
    431592
   1825948
    501494
     37904
    651189
   1154878
   1869195
   1426497
      6249
    106420
    411969
    153489
    396223
    311803
   1312508
    621893
   1722890
    950111
   1897629
   1502594
     47313
    298742
    311854
   1608527
    147362
    678065
    446984
   1317941
    706879
   1198123
    345666
   1654822
   1540422
   1363511
   1692725
    191610
    518389
     78271
   1618107
    524637
    184691
     30075
   1194477
   1097265
    858229
    506985
    235509
    581118
   1973447
    133137
    600064
     20759
    948231
    911917
    145638
   1095592
   1589981
    592621
    413533
    813211
    307095
   1275550
    468032
   1847516
    639060
    677109
    555477
   1157448
    755379
    689935
    198436
   1456421
    720010
   1909265
    553686
     94590
    416249
    789194
    675708
    906047
   1438683
   1275771
    926805
    386913
    704039
   1588794
   1482504
    294019
    181414
    412388
   1107230
   1004860
   1687937
     91613
   1368727
    843349
    768721
   1924204
    517148
   1524100
    614138
   1231936
   1496872
   1850499
   1141200
    566909
   1945089
     73800
   1356103
   1137148
    979846
   1311137
    929270
    423002
   1698049
   1633308
     11796
   1696904
    443678
    709561
    109292
   1550907
   1714421
    313580
   1642520
   1083147
   1156928
    411240
   1523702
   1674076
    451691
    137840
    906011
    464915
    504690
    563562
   1031823
    966130
    637361
    904277
    103277
   1617206
    215413
   1548898
    556559
   1913461
   1182205
    568354
   1610365
   1625883
   1794267
    236008
   1693141
   1508687
    549587
   1852012
   1108185
   1706515
    263252
    631887
   1896942
   1231294
   1286078
   1319304
   1696208
    307119
    399217
   1244383
   1273249
   1036577
    148659
   1892877
   1170134
    880424
   1441775
   1726692
   1310236
   1140331
    811398
    920600
   1282565
    605664
   1672959
   1492058
    630702
    222546
   1344069
   1738886
    445412
    123672
    887124
    858705
   1354966
    173201
    694360
   1567525
    996672
   1093576
   1328259
    269920
    130152
   1476918
    162796
   1300285
    357341
    120922
   1543328
   1667576
   1777605
    354725
   1104528
   1060169
   1476740
   1293838
   1068578
    107441
   1516383
    412647
   1846327
    478146
    536318
   1249802
   1336850
    407635
   1939355
    547561
   1975160
    936026
   1641136
   1303418
   1205945
   1771287
   1296687
   1885092
   1587923
    170379
    522366
   1647603
    354307
    299970
      2327
   1975186
   1876490
   1995419
   1269023
    945068
    102859
   1301758
   1357714
    465537
    296255
    410383
   1715339
   1633105
    818018
   1654693
    180665
   1309529
   1107070
    338153
   1129298
    313014
    109439
    425985
    714457
    213714
   1112715
   1753174
   1861316
   1467021
     53143
    379994
   1958558
    445985
    375412
   1227581
   1391052
    994623
   1045690
   1265117
   1976511
   1341944
    191851
   1691849
    975048
   1009868
   1862893
   1672065
    319396
   1486314
    526569
   1965046
    315679
    636007
    907382
   1030136
   1366072
     20096
    783309
   1227387
      3469
   1352804
    123733
   1962026
   1798788
   1015496
   1189606
   1706191
     10118
    235295
   1487659
   1986629
   1577239
   1679509
    194829
   1068638
   1205729
    574074
   1257054
   1525124
     60387
   1783622
      6521
    892418
    935981
    913902
   1922553
    818404
    933998
   1222213
    562143
    937466
   1091368
    685875
    899491
   1406507
   1701370
    605449
   1112697
    227840
   1357095
   1116707
    214468
   1450685
   1312568
    925648
   1035675
    518296
     16073
    292728
    559771
    592812
    592702
    566292
   1485229
     45034
   1480193
   1407781
    863437
    930542
   1146345
   1425579
    384359
    754065
    627805
   1800202
    160571
    329175
    405650
   1789620
    557014
    279096
    906326
   1287833
   1729781
    218893
    729832
    765455
   1253540
    745905
   1574534
   1813311
   1338716
    683587
    379602
    823944
   1244972
    376146
    748076
    624761
   1306688
    410772
    566691
   1691046
   1164836
   1194496
   1491247
   1325407
     40022
    413248
   1115026
   1113387
   1208696
    537703
    401219
    938476
   1272948
   1131050
    220282
    526487
    393306
    311167
    856149
   1732021
   1511106
   1235750
   1072316
    756077
    128248
    336743
   1897189
   1951287
    747515
    463880
    158684
   1912350
    174727
    166283
   1754108
    214748
   1095882
   1385485
   1844486
    304577
   1923188
    245704
   1243052
   1712487
   1893105
   1979685
    238973
    802763
    807204
   1095122
    534783
    318309
    847223
    123451
   1590737
   1491822
    460193
   1487926
   1443108
   1207707
    468157
   1601792
   1636409
    642883
    284426
   1906868
   1373982
   1380307
   1292353
   1218467
   1684884
   1731892
   1980522
   1444287
   1444378
   1873626
   1940324
   1683350
    676388
    747527
   1294823
   1727523
   1065835
    142046
    367325
    656571
    150219
    827517
    660848
   1593327
    551576
   1129004
   1711470
    704336
   1771886
   1995895
    611203
   1145867
   1892553
    419907
    364333
   1577436
    151798
    344854
   1538075
   1596175
    734832
   1478398
   1795877
   1927571
    225924
   1090699
    171445
   1808110
   1749096
    538769
    981032
   1899315
   1366286
   1641880
      8993
    434213
    770883
   1720462
   1138548
    542769
    232708
    266102
    204987
    125260
    686009
   1085672
    219048
    837806
   1946877
   1757122
    950333
   1198060
   1751871
    746209
   1125631
   1977794
    353259
   1813427
    302255
    618707
    352196
   1283286
   1034373
    234833
    925165
   1559717
    669045
    212400
   1796530
   1807592
   1271520
     29237
     73693
   1476506
    670848
    759701
   1078529
    889895
    113859
   1541758
   1163368
   1064191
    739817
    915238
    326751
    381799
   1409383
   1196361
    195226
   1711637
    331419
    547421
    994923
   1365791
   1298605
    436439
   1441859
   1967649
    648838
   1238388
   1775240
   1920357
   1267624
    365284
   1913215
   1938472
   1641337
   1508095
   1344718
   1755195
   1049852
    508086
   1335737
    306021
   1423323
   1662487
    687819
    832706
   1375199
   1399396
   1060694
   1706618
    463168
    571968
   1588760
   1761772
   1008407
   1030619
   1729420
    173596
    269006
     21011
    610305
     52982
    386295
   1039871
    507805
     27631
    547965
   1852522
    299177
    114169
    360607
   1634913
    420189
    300282
   1297399
   1108007
   1649339
   1188949
    507403
    710032
    895566
    970570
   1282000
    484326
   1248694
    806758
   1514944
    978113
    980353
    300301
    999124
    107009
    353282
   1901770
   1146879
    861086
   1929400
    211196
    713608
    744928
    325364
   1590566
    379840
    745552
    407199
    193590
    369910
     56537
   1382538
    877312
    766569
    278104
    364234
    564920
   1278781
   1612927
   1371677
   1310076
   1107391
    352029
   1610376
    622866
    975390
   1963658
    524635
    122268
   1341095
    970386
    849815
    571054
   1715313
   1175178
    677972
     95152
   1920729
   1085170
    805093
    290639
   1141707
    187631
   1684302
    424627
    982086
    564887
    989546
    260866
    694165
    361222
   1570941
   1801556
   1229602
   1181316
    424421
    204991
   1661325
   1465408
    843611
   1002420
    435793
   1693425
     89825
    151106
    868603
    767796
    762609
   1305683
   1852966
   1567702
    112673
    994672
    271684
    313327
   1935650
   1253769
    878213
    925195
     30986
     88730
   1286416
   1601926
    406637
    516017
   1299593
   1347409
   1237360
    960918
    812816
     80970
    479689
   1248609
   1774394
    569513
   1916066
    642996
   1337309
   1195026
    465031
   1706626
   1279079
    577703
   1217649
   1550762
    891029
   1153298
   1320882
    285594
     78492
   1351867
    890675
   1881259
    953792
   1297311
    397275
    253385
    644719
    150986
   1730654
   1457535
    231955
    726694
   1222495
      6349
   1296206
   1138560
   1165696
   1149866
    333585
   1630726
    856491
    129016